[Project1] 2570 1587922162.969306456 1587922163.841754940
[Project1] 2571 1587922164.659500736 1587922165.444094859
[Project1] 2572 1587922166.224853995 1587922166.985424620
[Project1] 2573 1587922167.775279780 1587922168.534292659
[Project1] 2574 1587922169.305857071 1587922170.069769261
[Project1] 2575 1587922170.880252754 1587922171.682468234
[Project1] 2576 1587922172.487393863 1587922173.294685491
[Project1] 2577 1587922174.122997157 1587922174.928661357
[Project1] 2578 1587922175.749575646 1587922176.515861583
[Project1] 2579 1587922177.310607123 1587922178.067868218
