[Project1] 4986 1588043936.599609331 1588043937.444653692
[Project1] 4987 1588043938.365232638 1588043939.210409260
[Project1] 4988 1588043940.238459061 1588043941.150023232
[Project1] 4989 1588043942.096958916 1588043943.008443410
[Project1] 4990 1588043943.940456120 1588043944.781313146
[Project1] 4991 1588043945.659204503 1588043946.502075389
[Project1] 4992 1588043947.382150352 1588043948.216769150
[Project1] 4994 1588043949.097774187 1588043949.956766381
[Project1] 4995 1588043950.844922029 1588043951.693006004
[Project1] 4996 1588043952.555315302 1588043953.395059982
